8 2 4 0 -1
9 1 7 0 -1
10 4 7 0 -1
11 2 7 0 -1
12 5 6 0 -1
13 0 12 0 -1
14 4 13 0 -1
15 8 9 0 -1
16 7 13 0 -1
17 1 13 0 -1
18 11 17 0 -1
19 3 15 0 -1
20 2 19 0 -1
21 6 19 0 -1
22 0 20 0 -1
23 12 20 0 -1
24 10 21 0 -1
25 0 24 0 -1
26 23 24 0 -1
27 11 23 0 -1
28 12 24 0 -1
29 9 28 0 -1
30 7 28 0 -1
31 15 20 2 -1
32 18 22 2 -1
33 31 32 0 -1
34 0 14 2 -1
35 31 34 0 -1
36 9 28 2 -1
37 13 17 2 -1
38 36 37 0 -1
39 16 25 2 -1
40 36 39 0 -1
41 10 24 2 -1
42 8 26 2 -1
43 41 42 0 -1
44 11 23 2 -1
45 41 44 0 -1
46 33 43 0 -1
47 35 45 0 -1
48 38 43 0 -1
49 40 45 0 -1
50 21 46 0 -1
51 27 47 0 -1
52 29 48 0 -1
53 30 49 0 -1
54 50 52 2 -1
55 50 51 0 -1
56 53 54 0 -1
57 55 56 2 -1
58 54 57 0 -1
59 51 58 2 -1
60 52 53 0 -1
61 51 54 0 -1
62 60 61 2 -1
63 54 62 0 -1
64 53 63 2 -1
65 60 62 0 -1
66 64 65 0 -1
67 53 62 0 -1
68 50 51 0 -1
69 57 68 0 -1
70 59 69 0 -1
71 51 57 0 -1
72 66 70 0 -1
73 67 71 0 -1
74 70 71 0 -1
75 66 67 0 -1
76 72 73 0 -1
77 20 75 2 -1
78 22 66 2 -1
79 0 67 2 -1
80 28 74 2 -1
81 13 70 2 -1
82 25 71 2 -1
83 24 73 2 -1
84 26 76 2 -1
85 23 72 2 -1
86 15 75 2 -1
87 18 66 2 -1
88 14 67 2 -1
89 9 74 2 -1
90 17 70 2 -1
91 16 71 2 -1
92 10 73 2 -1
93 8 76 2 -1
94 11 72 2 -1
95 92 93 0 -1
96 87 88 0 -1
97 82 90 0 -1
98 86 87 0 -1
99 79 89 0 -1
100 79 82 0 -1
101 84 85 0 -1
102 77 80 0 -1
103 83 84 0 -1
104 93 94 0 -1
105 89 97 0 -1
106 99 102 0 -1
107 81 95 0 -1
108 80 103 0 -1
109 95 106 0 -1
110 91 106 0 -1
111 101 107 0 -1
112 98 107 0 -1
113 81 108 0 -1
114 110 111 0 -1
115 78 112 0 -1
116 89 97 0 -1
117 82 90 0 -1
118 113 114 0 -1
119 81 108 0 -1
120 93 94 0 -1
121 108 112 0 7
122 111 116 1 1
123 109 117 1 0
124 102 115 0 4
125 100 115 0 3
126 96 114 0 2
127 119 124 1 6
128 118 120 1 5
