8 4 7 0 -1
9 2 7 0 -1
10 1 7 0 -1
11 2 4 0 -1
12 1 3 0 -1
13 8 12 0 -1
14 5 6 0 -1
15 0 13 0 -1
16 0 14 0 -1
17 13 14 0 -1
18 2 6 0 -1
19 2 5 0 -1
20 10 11 0 -1
21 13 18 0 -1
22 12 18 0 -1
23 12 19 0 -1
24 16 23 0 -1
25 0 4 0 -1
26 14 25 0 -1
27 8 26 0 -1
28 0 1 0 -1
29 14 28 0 -1
30 9 29 0 -1
31 9 17 0 -1
32 24 27 0 -1
33 10 23 0 -1
34 8 19 0 -1
35 13 20 2 -1
36 15 30 2 -1
37 21 35 0 -1
38 0 26 2 -1
39 35 38 0 -1
40 10 23 2 -1
41 16 29 2 -1
42 33 40 0 -1
43 24 27 2 -1
44 40 43 0 -1
45 8 22 2 -1
46 11 34 2 -1
47 45 46 0 -1
48 9 17 2 -1
49 45 48 0 -1
50 36 37 0 -1
51 31 39 0 -1
52 41 42 0 -1
53 44 49 0 -1
54 47 50 0 -1
55 49 51 0 -1
56 47 52 0 -1
57 32 53 0 -1
58 54 56 2 -1
59 54 55 0 -1
60 57 58 0 -1
61 59 60 2 -1
62 56 57 0 -1
63 55 58 0 -1
64 62 63 2 -1
65 55 57 2 -1
66 57 65 0 -1
67 54 66 2 -1
68 55 65 0 -1
69 56 68 2 -1
70 55 61 0 -1
71 58 59 0 -1
72 67 71 0 -1
73 57 64 0 -1
74 58 62 0 -1
75 69 74 0 -1
76 72 75 0 -1
77 70 73 0 -1
78 70 72 0 -1
79 73 75 0 -1
80 76 77 0 -1
81 13 79 2 -1
82 15 75 2 -1
83 0 73 2 -1
84 23 78 2 -1
85 16 72 2 -1
86 24 70 2 -1
87 22 77 2 -1
88 34 80 2 -1
89 17 76 2 -1
90 20 79 2 -1
91 30 75 2 -1
92 26 73 2 -1
93 10 78 2 -1
94 29 72 2 -1
95 27 70 2 -1
96 8 77 2 -1
97 11 80 2 -1
98 9 76 2 -1
99 96 97 0 -1
100 85 91 0 -1
101 81 83 0 -1
102 82 90 0 -1
103 89 93 0 -1
104 84 96 0 -1
105 97 104 0 -1
106 81 102 0 -1
107 86 94 0 -1
108 87 88 0 -1
109 88 103 0 -1
110 95 101 0 -1
111 83 86 0 -1
112 85 99 0 -1
113 87 96 0 -1
114 90 100 0 -1
115 91 99 0 -1
116 92 100 0 -1
117 93 107 0 -1
118 98 103 0 -1
119 99 100 0 -1
120 100 106 0 -1
121 102 111 0 -1
122 101 117 0 -1
123 108 114 0 -1
124 105 109 0 -1
125 106 108 0 -1
126 107 109 0 -1
127 110 113 0 -1
128 110 116 0 -1
129 91 99 0 -1
130 98 103 0 -1
131 85 99 0 -1
132 97 104 0 -1
133 105 123 0 7
134 125 129 1 6
135 127 130 1 5
136 105 120 0 4
137 119 121 0 3
138 124 128 0 2
139 126 131 1 1
140 122 132 1 0
