8 2 4 0 -1
9 1 7 0 -1
10 4 7 0 -1
11 2 7 0 -1
12 5 6 0 -1
13 0 12 0 -1
14 4 13 0 -1
15 8 9 0 -1
16 7 13 0 -1
17 1 13 0 -1
18 11 17 0 -1
19 3 15 0 -1
20 2 19 0 -1
21 6 19 0 -1
22 0 20 0 -1
23 12 20 0 -1
24 10 21 0 -1
25 0 24 0 -1
26 23 24 0 -1
27 11 23 0 -1
28 12 24 0 -1
29 9 28 0 -1
30 7 28 0 -1
31 15 20 2 -1
32 18 22 2 -1
33 31 32 0 -1
34 0 14 2 -1
35 31 34 0 -1
36 9 28 2 -1
37 13 17 2 -1
38 36 37 0 -1
39 16 25 2 -1
40 36 39 0 -1
41 10 24 2 -1
42 8 26 2 -1
43 41 42 0 -1
44 11 23 2 -1
45 41 44 0 -1
46 33 43 0 -1
47 35 45 0 -1
48 38 43 0 -1
49 40 45 0 -1
50 21 46 0 -1
51 27 47 0 -1
52 29 48 0 -1
53 30 49 0 -1
54 50 51 0 -1
55 50 52 2 -1
56 53 55 0 -1
57 54 56 2 -1
58 51 57 0 -1
59 52 53 0 -1
60 51 55 0 -1
61 59 60 2 -1
62 53 61 0 -1
63 52 62 0 -1
64 56 62 0 -1
65 53 64 2 -1
66 63 65 0 -1
67 56 65 0 -1
68 58 67 2 -1
69 54 68 0 -1
70 66 69 0 -1
71 58 62 0 -1
72 58 69 0 -1
73 62 66 0 -1
74 70 71 0 -1
75 20 73 2 -1
76 22 66 2 -1
77 0 62 2 -1
78 28 72 2 -1
79 13 69 2 -1
80 25 58 2 -1
81 24 71 2 -1
82 26 74 2 -1
83 23 70 2 -1
84 15 73 2 -1
85 18 66 2 -1
86 14 62 2 -1
87 9 72 2 -1
88 17 69 2 -1
89 16 58 2 -1
90 10 71 2 -1
91 8 74 2 -1
92 11 70 2 -1
93 90 91 0 -1
94 85 86 0 -1
95 80 88 0 -1
96 84 85 0 -1
97 77 87 0 -1
98 77 80 0 -1
99 82 83 0 -1
100 75 78 0 -1
101 81 82 0 -1
102 91 92 0 -1
103 87 95 0 -1
104 97 100 0 -1
105 79 93 0 -1
106 78 101 0 -1
107 93 104 0 -1
108 89 104 0 -1
109 99 105 0 -1
110 96 105 0 -1
111 79 106 0 -1
112 108 109 0 -1
113 76 110 0 -1
114 111 112 0 -1
115 106 110 0 7
116 103 109 1 1
117 95 107 1 0
118 100 113 0 4
119 98 113 0 3
120 94 112 0 2
121 111 118 1 6
122 102 114 1 5
