8 4 7 0 -1
9 2 7 0 -1
10 1 7 0 -1
11 2 4 0 -1
12 1 3 0 -1
13 8 12 0 -1
14 5 6 0 -1
15 0 13 0 -1
16 0 14 0 -1
17 13 14 0 -1
18 2 6 0 -1
19 2 5 0 -1
20 10 11 0 -1
21 13 18 0 -1
22 12 18 0 -1
23 12 19 0 -1
24 16 23 0 -1
25 0 4 0 -1
26 14 25 0 -1
27 8 26 0 -1
28 0 1 0 -1
29 14 28 0 -1
30 9 29 0 -1
31 9 17 0 -1
32 24 27 0 -1
33 10 23 0 -1
34 8 19 0 -1
35 13 20 2 -1
36 15 30 2 -1
37 21 35 0 -1
38 0 26 2 -1
39 35 38 0 -1
40 10 23 2 -1
41 16 29 2 -1
42 33 40 0 -1
43 24 27 2 -1
44 40 43 0 -1
45 8 22 2 -1
46 11 34 2 -1
47 45 46 0 -1
48 9 17 2 -1
49 45 48 0 -1
50 36 37 0 -1
51 31 39 0 -1
52 41 42 0 -1
53 44 49 0 -1
54 47 50 0 -1
55 49 51 0 -1
56 47 52 0 -1
57 32 53 0 -1
58 56 57 0 -1
59 54 56 2 -1
60 55 59 0 -1
61 54 55 0 -1
62 57 59 0 -1
63 61 62 2 -1
64 58 60 2 -1
65 54 57 2 -1
66 61 65 2 -1
67 59 61 0 -1
68 55 56 2 -1
69 58 68 2 -1
70 58 59 0 -1
71 55 63 0 -1
72 66 67 0 -1
73 57 64 0 -1
74 69 70 0 -1
75 72 74 0 -1
76 71 73 0 -1
77 71 72 0 -1
78 73 74 0 -1
79 75 76 0 -1
80 13 78 2 -1
81 15 74 2 -1
82 0 73 2 -1
83 23 77 2 -1
84 16 72 2 -1
85 24 71 2 -1
86 22 76 2 -1
87 34 79 2 -1
88 17 75 2 -1
89 20 78 2 -1
90 30 74 2 -1
91 26 73 2 -1
92 10 77 2 -1
93 29 72 2 -1
94 27 71 2 -1
95 8 76 2 -1
96 11 79 2 -1
97 9 75 2 -1
98 95 96 0 -1
99 84 90 0 -1
100 80 82 0 -1
101 81 89 0 -1
102 88 92 0 -1
103 83 95 0 -1
104 96 103 0 -1
105 80 101 0 -1
106 85 93 0 -1
107 86 87 0 -1
108 87 102 0 -1
109 94 100 0 -1
110 82 85 0 -1
111 84 98 0 -1
112 86 95 0 -1
113 89 99 0 -1
114 90 98 0 -1
115 91 99 0 -1
116 92 106 0 -1
117 97 102 0 -1
118 98 99 0 -1
119 99 105 0 -1
120 101 110 0 -1
121 100 116 0 -1
122 107 113 0 -1
123 104 108 0 -1
124 105 107 0 -1
125 106 108 0 -1
126 109 112 0 -1
127 109 115 0 -1
128 104 122 0 7
129 114 124 1 6
130 117 126 1 5
131 104 119 0 4
132 118 120 0 3
133 123 127 0 2
134 111 125 1 1
135 104 121 1 0
