8 2 4 0 -1
9 1 7 0 -1
10 4 7 0 -1
11 2 7 0 -1
12 5 6 0 -1
13 0 12 0 -1
14 4 13 0 -1
15 8 9 0 -1
16 7 13 0 -1
17 1 13 0 -1
18 11 17 0 -1
19 3 15 0 -1
20 2 19 0 -1
21 6 19 0 -1
22 0 20 0 -1
23 12 20 0 -1
24 10 21 0 -1
25 0 24 0 -1
26 23 24 0 -1
27 11 23 0 -1
28 12 24 0 -1
29 9 28 0 -1
30 7 28 0 -1
31 15 20 2 -1
32 18 22 2 -1
33 31 32 0 -1
34 0 14 2 -1
35 31 34 0 -1
36 9 28 2 -1
37 13 17 2 -1
38 36 37 0 -1
39 16 25 2 -1
40 36 39 0 -1
41 10 24 2 -1
42 8 26 2 -1
43 41 42 0 -1
44 11 23 2 -1
45 41 44 0 -1
46 33 43 0 -1
47 35 45 0 -1
48 38 43 0 -1
49 40 45 0 -1
50 21 46 0 -1
51 27 47 0 -1
52 29 48 0 -1
53 30 49 0 -1
54 50 52 2 -1
55 50 51 0 -1
56 53 54 0 -1
57 55 56 2 -1
58 52 53 0 -1
59 51 54 0 -1
60 58 59 2 -1
61 51 53 2 -1
62 53 61 0 -1
63 50 62 2 -1
64 51 61 0 -1
65 52 64 2 -1
66 54 58 0 -1
67 65 66 0 -1
68 53 60 0 -1
69 50 51 0 -1
70 54 69 0 -1
71 63 70 0 -1
72 51 57 0 -1
73 67 71 0 -1
74 68 72 0 -1
75 71 72 0 -1
76 67 68 0 -1
77 73 74 0 -1
78 20 76 2 -1
79 22 67 2 -1
80 0 68 2 -1
81 28 75 2 -1
82 13 71 2 -1
83 25 72 2 -1
84 24 74 2 -1
85 26 77 2 -1
86 23 73 2 -1
87 15 76 2 -1
88 18 67 2 -1
89 14 68 2 -1
90 9 75 2 -1
91 17 71 2 -1
92 16 72 2 -1
93 10 74 2 -1
94 8 77 2 -1
95 11 73 2 -1
96 93 94 0 -1
97 88 89 0 -1
98 83 91 0 -1
99 87 88 0 -1
100 80 90 0 -1
101 80 83 0 -1
102 85 86 0 -1
103 78 81 0 -1
104 84 85 0 -1
105 94 95 0 -1
106 90 98 0 -1
107 100 103 0 -1
108 82 96 0 -1
109 81 104 0 -1
110 96 107 0 -1
111 92 107 0 -1
112 102 108 0 -1
113 99 108 0 -1
114 82 109 0 -1
115 111 112 0 -1
116 79 113 0 -1
117 90 98 0 -1
118 83 91 0 -1
119 114 115 0 -1
120 82 109 0 -1
121 94 95 0 -1
122 109 113 0 7
123 112 117 1 1
124 110 118 1 0
125 103 116 0 4
126 101 116 0 3
127 97 115 0 2
128 120 125 1 6
129 119 121 1 5
