16 2 3 2 -1
17 1 16 0 -1
18 0 17 3 -1
19 2 18 0 -1
20 3 19 3 -1
21 0 20 0 -1
22 19 21 2 -1
23 3 22 0 -1
24 17 23 3 -1
25 19 24 0 -1
26 21 25 3 -1
27 17 26 0 -1
28 4 5 2 -1
29 7 28 0 -1
30 6 29 3 -1
31 5 30 0 -1
32 4 31 3 -1
33 6 32 0 -1
34 31 33 2 -1
35 4 34 0 -1
36 29 35 3 -1
37 31 36 0 -1
38 33 37 3 -1
39 29 38 0 -1
40 10 11 2 -1
41 9 40 0 -1
42 8 41 3 -1
43 10 42 0 -1
44 11 43 3 -1
45 8 44 0 -1
46 43 45 2 -1
47 11 46 0 -1
48 41 47 3 -1
49 43 48 0 -1
50 45 49 3 -1
51 41 50 0 -1
52 12 13 2 -1
53 15 52 0 -1
54 14 53 3 -1
55 13 54 0 -1
56 12 55 3 -1
57 14 56 0 -1
58 55 57 2 -1
59 12 58 0 -1
60 53 59 3 -1
61 55 60 0 -1
62 57 61 3 -1
63 53 62 0 -1
64 45 59 0 -1
65 51 61 0 -1
66 49 57 0 -1
67 47 63 0 -1
68 21 35 0 -1
69 27 37 0 -1
70 25 33 0 -1
71 23 39 0 -1
72 35 39 0 -1
73 59 63 0 -1
74 39 64 0 -1
75 65 72 0 -1
76 37 66 0 -1
77 33 67 0 -1
78 63 68 0 -1
79 69 73 0 -1
80 61 70 0 -1
81 57 71 0 -1
82 68 71 0 -1
83 70 71 0 -1
84 64 67 0 -1
85 66 67 0 -1
86 66 78 0 -1
87 79 85 0 -1
88 80 84 0 -1
89 65 81 0 -1
90 70 74 0 -1
91 75 83 0 -1
92 76 82 0 -1
93 69 77 0 -1
94 74 86 0 -1
95 75 87 0 -1
96 76 88 0 -1
97 77 89 0 -1
98 78 90 0 -1
99 79 91 0 -1
100 80 92 0 -1
101 81 93 0 -1
102 92 93 2 -1
103 91 102 0 -1
104 90 103 3 -1
105 92 104 0 -1
106 93 105 3 -1
107 90 106 0 -1
108 105 107 2 -1
109 93 108 0 -1
110 103 109 3 -1
111 105 110 0 -1
112 107 111 3 -1
113 103 112 0 -1
114 94 95 2 -1
115 97 114 0 -1
116 96 115 3 -1
117 95 116 0 -1
118 94 117 3 -1
119 96 118 0 -1
120 117 119 2 -1
121 94 120 0 -1
122 115 121 3 -1
123 117 122 0 -1
124 119 123 3 -1
125 115 124 0 -1
126 88 89 2 -1
127 87 126 0 -1
128 86 127 3 -1
129 88 128 0 -1
130 89 129 3 -1
131 86 130 0 -1
132 129 131 2 -1
133 89 132 0 -1
134 127 133 3 -1
135 129 134 0 -1
136 131 135 3 -1
137 127 136 0 -1
138 98 99 2 -1
139 101 138 0 -1
140 100 139 3 -1
141 99 140 0 -1
142 98 141 3 -1
143 100 142 0 -1
144 141 143 2 -1
145 98 144 0 -1
146 139 145 3 -1
147 141 146 0 -1
148 143 147 3 -1
149 139 148 0 -1
150 90 106 0 0
151 103 112 0 1
152 105 110 0 2
153 93 108 0 3
154 94 120 0 4
155 117 122 0 5
156 96 118 0 6
157 115 124 0 7
158 86 130 0 8
159 127 136 0 9
160 129 134 0 10
161 89 132 0 11
162 98 144 0 12
163 141 146 0 13
164 100 142 0 14
165 139 148 0 15
