8 2 3 0 -1
9 4 5 0 -1
10 6 7 0 -1
11 8 9 0 -1
12 10 11 0 -1
13 4 6 0 -1
14 6 7 0 -1
15 1 2 0 -1
16 3 4 0 -1
17 5 6 0 -1
18 15 16 0 -1
19 7 17 0 -1
20 18 19 0 -1
21 3 5 0 -1
22 7 21 0 -1
23 5 6 0 -1
24 0 20 0 -1
25 12 22 0 -1
26 13 23 0 -1
27 0 12 2 -1
28 12 13 0 -1
29 0 12 0 -1
30 14 29 0 -1
31 28 30 2 -1
32 0 12 0 -1
33 13 32 0 -1
34 14 33 2 -1
35 0 12 0 -1
36 14 27 0 -1
37 35 36 0 -1
38 34 37 0 -1
39 13 31 0 -1
40 34 39 0 -1
41 20 22 2 -1
42 22 23 0 -1
43 20 22 0 -1
44 7 43 0 -1
45 42 44 2 -1
46 20 22 0 -1
47 23 46 0 -1
48 7 47 2 -1
49 20 22 0 -1
50 7 41 0 -1
51 49 50 0 -1
52 48 51 0 -1
53 23 45 0 -1
54 48 53 0 -1
55 24 25 2 -1
56 25 26 0 -1
57 24 25 0 -1
58 6 57 0 -1
59 56 58 2 -1
60 24 25 0 -1
61 26 60 0 -1
62 6 61 2 -1
63 24 25 0 -1
64 6 55 0 -1
65 63 64 0 -1
66 62 65 0 -1
67 26 59 0 -1
68 62 67 0 -1
69 20 23 0 -1
70 7 69 0 -1
71 7 22 0 -1
72 7 23 0 -1
73 0 44 2 -1
74 0 12 0 -1
75 47 74 2 -1
76 12 72 2 -1
77 0 13 0 -1
78 23 44 0 -1
79 77 78 2 -1
80 0 12 0 -1
81 13 14 0 -1
82 80 81 0 -1
83 44 72 0 -1
84 23 42 0 -1
85 83 84 0 -1
86 82 85 2 -1
87 12 14 0 -1
88 71 87 2 -1
89 13 23 2 -1
90 13 14 0 -1
91 22 90 2 -1
92 14 42 2 -1
93 73 76 0 -1
94 88 92 0 -1
95 93 94 0 -1
96 91 95 0 -1
97 73 75 0 -1
98 76 89 0 -1
99 97 98 0 -1
100 91 99 0 -1
101 73 76 0 -1
102 79 89 0 -1
103 101 102 0 -1
104 92 103 0 -1
105 73 75 0 -1
106 79 86 0 -1
107 105 106 0 -1
108 89 107 0 -1
109 52 54 0 -1
110 96 108 0 -1
111 96 100 0 -1
112 38 54 0 -1
113 104 112 0 -1
114 40 52 0 -1
115 110 114 0 -1
116 54 111 0 -1
117 40 54 0 -1
118 100 117 0 -1
119 38 66 0 -1
120 68 109 0 -1
121 40 120 0 -1
122 54 68 0 -1
123 40 122 0 -1
124 0 13 0 -1
125 14 23 0 -1
126 124 125 0 -1
127 7 126 0 -1
128 14 20 0 -1
129 7 23 0 -1
130 128 129 0 -1
131 12 14 0 -1
132 7 131 0 -1
133 13 14 0 -1
134 22 23 0 -1
135 133 134 0 -1
136 70 127 0 -1
137 7 130 0 -1
138 71 132 0 -1
139 72 135 0 -1
140 113 119 0 -1
141 115 121 0 -1
142 109 116 0 -1
143 118 123 0 -1
144 70 119 2 -1
145 85 104 2 -1
146 7 121 2 -1
147 109 119 0 -1
148 47 147 2 -1
149 7 70 0 -1
150 71 72 0 -1
151 149 150 0 -1
152 119 121 0 -1
153 109 123 0 -1
154 152 153 0 -1
155 151 154 2 -1
156 23 52 2 -1
157 71 109 2 -1
158 109 123 0 -1
159 42 158 2 -1
160 72 123 2 -1
161 144 146 0 -1
162 156 160 0 -1
163 161 162 0 -1
164 159 163 0 -1
165 144 145 0 -1
166 146 157 0 -1
167 165 166 0 -1
168 159 167 0 -1
169 144 146 0 -1
170 148 157 0 -1
171 169 170 0 -1
172 160 171 0 -1
173 144 145 0 -1
174 148 155 0 -1
175 173 174 0 -1
176 157 175 0 -1
177 136 140 2 -1
178 136 137 0 -1
179 140 141 0 -1
180 178 179 2 -1
181 137 141 2 -1
182 136 138 0 -1
183 140 142 0 -1
184 182 183 2 -1
185 136 137 0 -1
186 138 139 0 -1
187 185 186 0 -1
188 140 141 0 -1
189 142 143 0 -1
190 188 189 0 -1
191 187 190 2 -1
192 137 139 0 -1
193 141 143 0 -1
194 192 193 2 -1
195 138 142 2 -1
196 138 139 0 -1
197 142 143 0 -1
198 196 197 2 -1
199 139 143 2 -1
200 177 181 0 -1
201 194 199 0 -1
202 200 201 0 -1
203 198 202 0 -1
204 177 180 0 -1
205 181 195 0 -1
206 204 205 0 -1
207 198 206 0 -1
208 177 181 0 -1
209 184 195 0 -1
210 208 209 0 -1
211 199 210 0 -1
212 177 180 0 -1
213 184 191 0 -1
214 212 213 0 -1
215 195 214 0 -1
216 113 127 2 -1
217 127 130 0 -1
218 113 115 0 -1
219 217 218 2 -1
220 115 130 2 -1
221 127 132 0 -1
222 113 116 0 -1
223 221 222 2 -1
224 127 130 0 -1
225 132 135 0 -1
226 224 225 0 -1
227 113 115 0 -1
228 116 118 0 -1
229 227 228 0 -1
230 226 229 2 -1
231 130 135 0 -1
232 115 118 0 -1
233 231 232 2 -1
234 116 132 2 -1
235 132 135 0 -1
236 116 118 0 -1
237 235 236 2 -1
238 118 135 2 -1
239 216 220 0 -1
240 233 238 0 -1
241 239 240 0 -1
242 237 241 0 -1
243 216 219 0 -1
244 220 234 0 -1
245 243 244 0 -1
246 237 245 0 -1
247 216 220 0 -1
248 223 234 0 -1
249 247 248 0 -1
250 238 249 0 -1
251 216 219 0 -1
252 223 230 0 -1
253 251 252 0 -1
254 234 253 0 -1
255 172 176 0 -1
256 176 242 0 -1
257 164 246 0 -1
258 168 250 0 -1
259 254 255 0 -1
260 203 242 0 -1
261 207 246 0 -1
262 211 250 0 -1
263 215 254 0 -1
264 113 256 0 -1
265 0 264 0 -1
266 115 257 0 -1
267 12 266 0 -1
268 116 258 0 -1
269 13 268 0 -1
270 118 259 0 -1
271 14 270 0 -1
272 119 260 0 -1
273 20 272 0 -1
274 121 261 0 -1
275 22 274 0 -1
276 109 262 0 -1
277 23 276 0 -1
278 123 263 0 -1
279 7 278 0 -1
280 265 273 0 -1
281 267 275 0 -1
282 269 277 0 -1
283 271 279 0 -1
284 265 267 2 -1
285 267 269 0 -1
286 265 267 0 -1
287 271 286 0 -1
288 285 287 2 -1
289 265 267 0 -1
290 269 289 0 -1
291 271 290 2 -1
292 265 267 0 -1
293 271 284 0 -1
294 292 293 0 -1
295 291 294 0 -1
296 269 288 0 -1
297 291 296 0 -1
298 273 275 2 -1
299 275 277 0 -1
300 273 275 0 -1
301 279 300 0 -1
302 299 301 2 -1
303 273 275 0 -1
304 277 303 0 -1
305 279 304 2 -1
306 273 275 0 -1
307 279 298 0 -1
308 306 307 0 -1
309 305 308 0 -1
310 277 302 0 -1
311 305 310 0 -1
312 280 281 2 -1
313 281 282 0 -1
314 280 281 0 -1
315 283 314 0 -1
316 313 315 2 -1
317 280 281 0 -1
318 282 317 0 -1
319 283 318 2 -1
320 280 281 0 -1
321 283 312 0 -1
322 320 321 0 -1
323 319 322 0 -1
324 282 316 0 -1
325 319 324 0 -1
326 273 277 0 -1
327 279 326 0 -1
328 275 279 0 -1
329 277 279 0 -1
330 265 301 2 -1
331 265 267 0 -1
332 304 331 2 -1
333 267 329 2 -1
334 265 269 0 -1
335 277 301 0 -1
336 334 335 2 -1
337 265 267 0 -1
338 269 271 0 -1
339 337 338 0 -1
340 301 329 0 -1
341 277 299 0 -1
342 340 341 0 -1
343 339 342 2 -1
344 267 271 0 -1
345 328 344 2 -1
346 269 277 2 -1
347 269 271 0 -1
348 275 347 2 -1
349 271 299 2 -1
350 330 333 0 -1
351 345 349 0 -1
352 350 351 0 -1
353 348 352 0 -1
354 330 332 0 -1
355 333 346 0 -1
356 354 355 0 -1
357 348 356 0 -1
358 330 333 0 -1
359 336 346 0 -1
360 358 359 0 -1
361 349 360 0 -1
362 330 332 0 -1
363 336 343 0 -1
364 362 363 0 -1
365 346 364 0 -1
366 309 311 0 -1
367 353 365 0 -1
368 353 357 0 -1
369 295 311 0 -1
370 361 369 0 -1
371 297 309 0 -1
372 367 371 0 -1
373 311 368 0 -1
374 297 311 0 -1
375 357 374 0 -1
376 295 323 0 -1
377 325 366 0 -1
378 297 377 0 -1
379 311 325 0 -1
380 297 379 0 -1
381 265 269 0 -1
382 271 277 0 -1
383 381 382 0 -1
384 279 383 0 -1
385 271 273 0 -1
386 277 279 0 -1
387 385 386 0 -1
388 267 271 0 -1
389 279 388 0 -1
390 269 271 0 -1
391 275 277 0 -1
392 390 391 0 -1
393 327 384 0 -1
394 279 387 0 -1
395 328 389 0 -1
396 329 392 0 -1
397 370 376 0 -1
398 372 378 0 -1
399 366 373 0 -1
400 375 380 0 -1
401 327 376 2 -1
402 342 361 2 -1
403 279 378 2 -1
404 366 376 0 -1
405 304 404 2 -1
406 279 327 0 -1
407 328 329 0 -1
408 406 407 0 -1
409 376 378 0 -1
410 366 380 0 -1
411 409 410 0 -1
412 408 411 2 -1
413 277 309 2 -1
414 328 366 2 -1
415 366 380 0 -1
416 299 415 2 -1
417 329 380 2 -1
418 401 403 0 -1
419 413 417 0 -1
420 418 419 0 -1
421 416 420 0 -1
422 401 402 0 -1
423 403 414 0 -1
424 422 423 0 -1
425 416 424 0 -1
426 401 403 0 -1
427 405 414 0 -1
428 426 427 0 -1
429 417 428 0 -1
430 401 402 0 -1
431 405 412 0 -1
432 430 431 0 -1
433 414 432 0 -1
434 393 397 2 -1
435 393 394 0 -1
436 397 398 0 -1
437 435 436 2 -1
438 394 398 2 -1
439 393 395 0 -1
440 397 399 0 -1
441 439 440 2 -1
442 393 394 0 -1
443 395 396 0 -1
444 442 443 0 -1
445 397 398 0 -1
446 399 400 0 -1
447 445 446 0 -1
448 444 447 2 -1
449 394 396 0 -1
450 398 400 0 -1
451 449 450 2 -1
452 395 399 2 -1
453 395 396 0 -1
454 399 400 0 -1
455 453 454 2 -1
456 396 400 2 -1
457 434 438 0 -1
458 451 456 0 -1
459 457 458 0 -1
460 455 459 0 -1
461 434 437 0 -1
462 438 452 0 -1
463 461 462 0 -1
464 455 463 0 -1
465 434 438 0 -1
466 441 452 0 -1
467 465 466 0 -1
468 456 467 0 -1
469 434 437 0 -1
470 441 448 0 -1
471 469 470 0 -1
472 452 471 0 -1
473 370 384 2 -1
474 384 387 0 -1
475 370 372 0 -1
476 474 475 2 -1
477 372 387 2 -1
478 384 389 0 -1
479 370 373 0 -1
480 478 479 2 -1
481 384 387 0 -1
482 389 392 0 -1
483 481 482 0 -1
484 370 372 0 -1
485 373 375 0 -1
486 484 485 0 -1
487 483 486 2 -1
488 387 392 0 -1
489 372 375 0 -1
490 488 489 2 -1
491 373 389 2 -1
492 389 392 0 -1
493 373 375 0 -1
494 492 493 2 -1
495 375 392 2 -1
496 473 477 0 -1
497 490 495 0 -1
498 496 497 0 -1
499 494 498 0 -1
500 473 476 0 -1
501 477 491 0 -1
502 500 501 0 -1
503 494 502 0 -1
504 473 477 0 -1
505 480 491 0 -1
506 504 505 0 -1
507 495 506 0 -1
508 473 476 0 -1
509 480 487 0 -1
510 508 509 0 -1
511 491 510 0 -1
512 429 433 0 -1
513 433 499 0 -1
514 421 503 0 -1
515 425 507 0 -1
516 511 512 0 -1
517 460 499 0 -1
518 464 503 0 -1
519 468 507 0 -1
520 472 511 0 -1
521 370 513 0 -1
522 265 521 0 -1
523 372 514 0 -1
524 267 523 0 -1
525 373 515 0 -1
526 269 525 0 -1
527 375 516 0 -1
528 271 527 0 -1
529 376 517 0 -1
530 273 529 0 -1
531 378 518 0 -1
532 275 531 0 -1
533 366 519 0 -1
534 277 533 0 -1
535 380 520 0 -1
536 279 535 0 7
537 524 530 0 1
538 524 526 0 -1
539 275 531 0 -1
540 538 539 1 2
541 528 532 0 -1
542 534 541 0 3
543 526 528 0 -1
544 536 543 0 4
545 528 534 0 -1
546 279 535 0 -1
547 545 546 1 5
548 528 536 0 6
549 265 521 1 0
